"GeneID"	"GeneAnnotation"	"logFC"	"logCPM"	"F"	"PValue"	"FDR"
"Hist1h2ba"	"HIST1H2BA"	6.73731093086437	3.14389547507138	829.659753299782	4.96695054791473e-06	0.00140107741055579
"AI506816"	NA	6.64553516867407	3.07880044975608	939.427893121046	3.81957999616871e-06	0.00119714125035474
"Drd1a"	"DRD1"	-3.26652718211922	3.65634561437907	2063.42350713774	4.14576881130268e-09	3.00540692641978e-05
"Mc4r"	"MC4R"	-3.01151824596512	3.14389558023248	244.521762136375	3.04358454298511e-06	0.00111894039634913
"Cyp26b1"	"CYP26B1"	-2.89848998474169	3.67114260498386	228.83186766578	3.72632777434892e-06	0.00119714125035474
"Hist1h4m"	NA	-2.74727468297521	2.61102156954407	631.687233654315	5.32122718641804e-05	0.00735790080757256
"Gdf5"	"GDF5"	-2.47997513019192	2.5482858107368	290.907164545063	0.000571455228005546	0.0465884655247989
"Hs3st5"	"HS3ST5"	-2.06783999836378	3.39628274072867	408.927061530352	5.3347475963058e-06	0.00146149818989579
"Bcl6"	"BCL6"	-2.00143406198	4.03371270044422	673.135891509321	1.34657408531529e-07	0.000174453791371889
"Ngfr"	"NGFR"	-1.95588742057207	3.67114259263694	1011.31763548045	3.12406902242615e-06	0.00111894039634913
"Trp73"	"TP73"	-1.67616581861213	3.56422737066778	146.7662727492	0.000158633297087202	0.0170791146726557
"Nefl"	NA	1.62942588944489	7.50867327205871	319.158601780989	1.3462171886583e-06	0.000705272023520367
"Ntng1"	"NTNG1"	1.54091547930672	4.69305723090893	198.813316171391	5.7174094958094e-06	0.00146149818989579
"Nfe2l3"	"NFE2L3"	-1.49289541276275	4.35105352886513	231.972265027872	3.57459130286592e-06	0.00119714125035474
"Vwc2l"	"VWC2L"	1.47263406352976	4.17537370314127	871.677013808309	2.37822961816016e-05	0.00414105562154703
"Gdf10"	"GDF10"	-1.45689323746829	4.01062906001349	937.900505187229	3.61157192614231e-05	0.00547716241358184
"Ndnf"	NA	-1.43624691380911	5.15972065670231	521.789908699924	2.96088977083826e-07	0.000298288495199306
"Lypd1"	"LYPD1"	1.43285063937713	4.18571561281007	283.220875996739	4.07856933709802e-05	0.00605517283478215
"Trhr"	NA	1.42892783042276	4.02221692322082	136.058666483417	7.93566130134015e-05	0.0094851327961103
"Nrgn"	"NRGN"	1.42496974801765	6.11171485108921	1636.97387535368	8.52355906528583e-09	3.00540692641978e-05
"Thrb"	"THRB"	1.35725235383888	4.03371257308573	61.1026679200369	0.000210542386818401	0.0213155179688169
"Fgf9"	"FGF9"	1.35275887378	3.97529589076974	82.3108049583392	0.000227971241807393	0.0224846601010593
"Cwc22"	"CWC22"	-1.3479417790332	6.48059934079542	1787.05269315663	6.48708479855544e-09	3.00540692641978e-05
"Nlrp5-ps"	NA	-1.34412025742202	3.75687243607884	102.222493232539	5.59782019862381e-05	0.00751920534108479
"Pappa2"	"PAPPA2"	-1.30665806751945	4.43147219841006	165.064980805251	1.00475819790207e-05	0.00208398670929571
"Wnt7b"	"WNT7B"	-1.28590740761813	7.33836341323455	252.008951392662	2.77567448195506e-06	0.00108744758037484
"Nefm"	"NEFM"	1.23975814558324	6.29005218724699	189.63847402022	6.59953404820866e-06	0.00158967023863728
"Adamts3"	"ADAMTS3"	-1.20350937968465	5.54828596497689	290.351596838273	1.79938902104967e-06	0.000814172674330201
"Sybu"	"SYBU"	-1.19346157793261	8.00553081691791	1237.13047300141	2.03671606981019e-08	5.68954345544958e-05
"Tle4"	"TLE4"	-1.15869577720249	7.31499928345038	1706.04884819146	7.49475078016834e-09	3.00540692641978e-05
"Zfp521"	"ZNF521"	1.11566154074545	5.22133949342697	323.235560874304	1.29476500776729e-06	0.000705272023520367
"Fst"	"FST"	1.11380264392617	4.70748427567816	244.222352282104	5.04071025704465e-05	0.00710941774653577
"Ptk2b"	"PTK2B"	-1.1099326779737	5.33720358371658	1388.58038404898	1.36060103877679e-07	0.000174453791371889
"Grin3a"	"GRIN3A"	1.09801648319461	7.00187627799994	119.674782688236	2.6408273579208e-05	0.00436394537356655
"Btbd11"	"BTBD11"	-1.08875561709455	4.777531960272	976.554400009263	1.93964594614114e-05	0.00359957452952298
"Fras1"	"FRAS1"	1.08230456456349	4.91441360317919	364.521700833796	2.30892109137145e-05	0.00407062788408787
"Stxbp6"	"STXBP6"	1.07781968847697	4.88932261543564	514.749521350409	3.27345340176276e-05	0.00507349305257823
"Reln"	"RELN"	-1.07304761902908	8.93103134879162	1170.30923649281	2.42039568439432e-08	5.68954345544958e-05
"Cntn4"	"CNTN4"	1.05703425690341	4.49937614549119	89.630813381875	0.000317422732779531	0.0296160278373742
"Rgs8"	"RGS8"	1.04041591080989	5.17537366369677	770.18179624811	4.45949333080273e-06	0.00131034779036754
"Mctp1"	"MCTP1"	-1.03504742477993	4.72885811041727	327.053776581508	9.03469445306069e-05	0.010618777547164
"Gfra1"	"GFRA1"	1.010789570164	4.95729939133525	204.115804933563	5.59016841988404e-05	0.00751920534108479
"Flrt3"	"FLRT3"	0.987710060578184	6.92525508866445	67.0695697903164	0.000145016434648281	0.0159789983928074
"Sorcs1"	"SORCS1"	0.979607439029897	4.9989471187772	149.210799713001	5.54048327348175e-05	0.00751920534108479
"Ptprk"	"PTPRK"	-0.974512619813944	7.53823273003993	191.651281477676	6.3913898450975e-06	0.00158147653289921
"Tbr1"	"TBR1"	-0.96463124477174	7.38846970687473	977.897403859847	4.22879616857384e-08	6.62699346239616e-05
"Hs3st4"	"HS3ST4"	-0.943030421183882	5.72885818798754	254.692738167709	2.6872447532596e-06	0.0010828828571421
"Cntn6"	"CNTN6"	0.927996128521986	5.5240381129253	507.429696243875	3.25273371031723e-06	0.00111894039634913
"Akap7"	"AKAP7"	-0.903855662001948	6.67298183467966	612.728662238596	1.80158466080278e-07	0.000211746250466353
"Hist1h2bl"	"HIST1H2BL"	0.889641377091098	5.10628111977651	60.2849495460655	0.000242521282183239	0.023619894063444
"Lypd6"	"LYPD6"	-0.88834171197658	4.74991971560377	465.428855060858	0.000404704553372862	0.0348045915900661
"Rorb"	"RORB"	-0.884539392699058	5.56818547308668	279.002878691708	2.42611519813373e-06	0.00102823034717359
"Ccbe1"	"CCBE1"	-0.880282337353729	4.79114237034485	64.5654330659774	0.000413985922113831	0.0353870148211725
"Thsd7a"	"THSD7A"	0.875950592969099	5.5839096049012	184.677722279435	1.12318388540414e-05	0.00226305507424857
"Itga6"	"ITGA6"	0.874686569812564	6.14654495651664	581.596432485489	2.11701387981558e-07	0.000229679721237838
"Fam84a"	"FAM84A"	-0.826486419601051	6.53823234504154	436.308003408209	5.14382337034574e-07	0.000453428030095977
"Nova1"	"NOVA1"	0.819844039991127	5.21125070912451	369.106249792793	0.000225685199773643	0.0224159440676582
"Hist1h3f"	"HIST1H3F"	-0.818655194863365	5.85733272773443	94.6955611995172	5.29298443299244e-05	0.00735790080757256
"Ncam2"	"NCAM2"	0.802350970757775	5.67848435984544	185.270276697082	2.53555351732755e-05	0.00430860804920335
"Hrk"	"HRK"	0.793065248185074	5.70748425852032	683.948282516359	2.51050059781836e-05	0.00430860804920335
"Cdh8"	"CDH8"	0.790545807825489	6.82957164752189	322.529816636201	1.30348352479227e-06	0.000705272023520367
"Nr4a2"	"NR4A2"	-0.788856813727352	6.41178403245516	125.225807962596	2.30611399631227e-05	0.00407062788408787
"Arhgap29"	"ARHGAP29"	-0.777749165268616	5.79789979272391	304.805901162547	7.49041172034895e-06	0.00166745357082068
"Fezf2"	"FEZF2"	0.769854426527545	6.39628249998577	289.807886699058	1.80975468751618e-06	0.000814172674330201
"Epha7"	"EPHA7"	0.760472317303246	6.9930704385879	160.054791847952	1.102806644195e-05	0.00225420071155452
"Pik3r1"	"PIK3R1"	-0.748304734661288	7.84922344622948	1094.46997849298	2.98058492752659e-08	6.00545283111929e-05
"Kitl"	"KITLG"	-0.739097554564283	6.94365364660086	153.420622713372	1.25305563269281e-05	0.00245459675604158
"Hist1h2be"	"HIST1H2BE"	-0.71715985317023	6.30673123837201	90.3430547330762	6.08072809422081e-05	0.00801519523746638
"Dusp26"	"DUSP26"	0.692026542320829	6.0422744854221	301.15872115034	2.69592910607773e-05	0.00437050392093336
"Crim1"	"CRIM1"	0.671100176205132	6.73062469094915	362.123444215188	9.13199651211758e-07	0.000705272023520367
"Cxcl12"	"CXCL12"	-0.668294877131159	5.69667770275591	74.8987120529247	0.000287341732676996	0.0271991127360829
"Unc5c"	NA	0.662309613702691	6.4422949413947	371.788825201343	3.0805465555498e-06	0.00111894039634913
"Tmeff2"	"TMEFF2"	0.658398454882377	5.84759547950395	270.171222088251	0.000210265614846238	0.0213155179688169
"Mmp17"	"MMP17"	-0.654232655332119	6.5522878609875	96.8616337878934	4.95089313352431e-05	0.00705327239951787
"Socs2"	"SOCS2"	0.653198466132983	6.38958793147888	355.868090192256	8.69555107994132e-06	0.00185821291562867
"Entpd4"	"ENTPD4"	0.652917738960994	5.91441361520847	286.48136715455	0.000371507249761093	0.0330454575044235
"Ryr3"	"RYR3"	0.652611565990099	6.0507859916174	282.898752765096	6.42976910500575e-05	0.00822569522106945
"Brinp1"	NA	0.641411252134143	6.5442725755693	330.590312007807	2.47871751303899e-06	0.00102823034717359
"Dusp4"	"DUSP4"	0.637557224581341	6.99894705287178	65.3454503271117	0.000156333444008874	0.0169609761100089
"Prkar2b"	"PRKAR2B"	-0.632999325672968	8.22698435264003	1009.25847224564	3.83394335258645e-08	6.62699346239616e-05
"Hist1h4f"	"HIST1H4F"	-0.628622454699533	5.78435321944146	66.3940033646957	0.000344054581463852	0.0313067472062334
"Eif1b"	"EIF1B"	-0.626393229259159	6.85084880896963	318.85638849422	1.35013787826502e-06	0.000705272023520367
"Dio2"	"DIO2"	0.624247988500236	6.58976222594993	330.704899162956	3.73671945110171e-06	0.00119714125035474
"Lmo7"	"LMO7"	-0.610374388062831	6.34183511713482	87.2513279764314	6.7366551782178e-05	0.00826206822900729
"Gse1"	NA	-0.608477933232095	6.53419113260174	511.086953874688	6.86697813773097e-06	0.00158967023863728
"Ptprz1"	"PTPRZ1"	0.607891869109115	8.66191178219085	40.4587885480603	0.000604920256157518	0.0484761096184411
"Sh3rf1"	"SH3RF1"	0.60032685155606	6.22133948374105	169.058013946753	8.83974862081016e-05	0.0104769592057064
"Pcnx"	NA	-0.597261395439742	7.46263801997098	181.27959764198	7.56643707689473e-06	0.00166745357082068
"Neurod1"	"NEUROD1"	0.597053976072215	6.05078596886701	72.5847680583249	0.000265875307184827	0.0256842830995534
"Dpp10"	"DPP10"	0.5909691364063	6.2585564376915	88.3161505176297	0.000103150145424863	0.011827883342051
"Camk1d"	"CAMK1D"	0.584149427377811	6.02221688336022	68.5077041757793	0.000404097665031585	0.0348045915900661
"Rbfox1"	"RBFOX1"	-0.581271145011714	7.61293896652816	102.67730910737	4.16596300611769e-05	0.00612049398315457
"Trpc4"	"TRPC4"	0.575498315181893	6.1198276281446	258.921487711865	0.000222111027163921	0.0222174037384393
"Prkcb"	"PRKCB"	-0.571829564800297	7.48059929687899	217.014498664142	4.37986301498323e-06	0.00131034779036754
"Rabgap1l"	"RABGAP1L"	0.5635345118136	8.66930069699938	210.599915936391	4.79879699555202e-06	0.00138127005765848
"Klhl13"	"KLHL13"	0.562594663422335	6.04795443029894	191.946560647631	0.000563317661726131	0.0461920482615427
"Necab1"	"NECAB1"	-0.549644240598071	6.05924783026229	159.860189234796	0.000373444279369903	0.0330454575044235
"Tgfbr1"	"TGFBR1"	-0.544632958908575	7.18957514942647	508.317371419474	3.21012557462065e-07	0.000301837407362998
"Lrrtm1"	"LRRTM1"	0.543744575488599	6.47849729964283	167.753925385378	0.000104340809371274	0.0118679256078423
"Rnd3"	"RND3"	0.543687454932657	6.58586308524618	166.156753056844	6.54373387782345e-05	0.00824043059043053
"Slc1a2"	"SLC1A2"	0.539736836312184	8.07949344418952	120.15623300148	2.60935171972733e-05	0.00436394537356655
"Slitrk5"	"SLITRK5"	0.539236466359267	6.89248287970089	240.113083959252	8.21142487829209e-06	0.00178175286897587
"Runx1t1"	"RUNX1T1"	0.538666551143491	8.33894149783965	287.875280896889	1.84724373075485e-06	0.000814172674330201
"Lrrtm2"	"LRRTM2"	-0.533994294069448	6.19085912335809	99.8289925977803	0.000319174435002899	0.0296160278373742
"Fat1"	"FAT1"	0.529353014908481	7.66005881313429	87.4063121793213	6.70160842827153e-05	0.00826206822900729
"Sv2b"	"SV2B"	-0.526739116507064	6.31617611839791	165.029544804962	0.000325501716347777	0.0300057268455493
"Igfbp5"	"IGFBP5"	-0.511240844400244	7.54427297384926	138.863640129177	1.69151972347325e-05	0.00318095922398223
"Neto2"	"NETO2"	-0.502982860608729	8.3527759066498	386.300357430498	7.48494623658073e-07	0.000620986363063145
"Dcc"	"DCC"	0.500622213477492	7.24254666864399	147.07025436823	1.42325432284397e-05	0.00274980533827279
"Cdk17"	"CDK17"	0.495126075631675	7.75166067778727	320.403670819855	1.33022219569241e-06	0.000705272023520367
"Dok4"	"DOK4"	-0.493536132220799	7.42275511963872	166.188318753468	9.84369454393729e-06	0.00207217116190584
"Meis2"	"MEIS2"	-0.488090162144446	8.07810718636015	326.890184573904	1.25082756319439e-06	0.000705272023520367
"Crym"	NA	0.485246083241345	6.99307044484947	102.633180984259	4.67667495697308e-05	0.00679998181372663
"Mpped1"	"MPPED1"	-0.481647182898296	9.89819499397425	200.895374540936	5.5392157848034e-06	0.00146149818989579
"Mn1"	"MN1"	-0.475653528673585	8.37441103230764	319.79039439006	1.33806921376358e-06	0.000705272023520367
"Pvrl3"	"PVRL3"	0.475488560371152	6.60139696967824	219.291757203581	0.000337991223030289	0.0309547286338909
"Scn2a1"	NA	-0.463311962478124	7.9042733757174	185.915321988869	7.00874812125951e-06	0.001594377153262
"Gnal"	"GNAL"	-0.456131889121067	7.11442467492426	64.7862357069546	0.000160253658239576	0.0171228605743256
"Pcdh19"	"PCDH19"	0.455126161612094	6.81465570093101	157.800288504896	0.000242830731650552	0.023619894063444
"Txnip"	"TXNIP"	-0.453883686153939	6.95578985203529	99.9887925024155	6.26804247676621e-05	0.00811164650236955
"Kif26a"	"KIF26A"	0.451477878998798	7.566207414858	239.400749945632	3.24677371503987e-06	0.00111894039634913
"Mef2c"	"MEF2C"	-0.451026294773035	9.18636040497267	295.250402902047	1.70943661070288e-06	0.000814172674330201
"Dok5"	"DOK5"	-0.44750625184728	6.59559162779018	143.631152566126	0.000562941700307034	0.0461920482615427
"Tnc"	"TNC"	0.445724872754523	9.81361332717858	103.429457875343	4.07676394501586e-05	0.00605517283478215
"Hist1h4c"	"HIST1H4C"	-0.444394940265503	6.76895980293821	82.1942309990848	0.000194105320008369	0.0199829301707886
"Kif26b"	"KIF26B"	-0.439542016792017	6.70209128643603	113.206217442365	0.000443011435815185	0.0376399595827552
"Arrdc3"	"ARRDC3"	-0.437415300108107	6.67114264351532	83.8238353710368	0.000360795029933747	0.0326195711678562
"Tmem2"	"TMEM2"	0.434678016568186	7.20363748352553	73.1903627291775	0.000112596173496546	0.0127044514479622
"Nuak1"	"NUAK1"	-0.432014025247488	7.93983995468183	338.002682117566	1.12875517869989e-06	0.000705272023520367
"Cyth3"	"CYTH3"	-0.421139571365854	7.03942644468567	222.653861116393	0.000150699550493747	0.0164764841873164
"Sema6d"	"SEMA6D"	0.415994137534446	7.11712851408142	47.3065264091585	0.000391762386007877	0.0341075104460192
"Vldlr"	"VLDLR"	0.414012693777816	7.37158218429127	58.8073882845796	0.00021158341716069	0.0213155179688169
"Pak3"	"PAK3"	0.411391508230618	8.81465527710549	333.687346247547	1.17420706370195e-06	0.000705272023520367
"Ube2ql1"	"UBE2QL1"	-0.410150850257996	8.079494322609	221.110492792881	4.13735062483415e-06	0.00126854767853611
"Slc1a3"	"SLC1A3"	0.409638797857206	8.57065318916419	197.844757535239	5.80288560934235e-06	0.00146149818989579
"Nrp2"	"NRP2"	0.409419236395673	7.71553635799042	87.8114616173072	6.61112170776512e-05	0.00825161597932029
"Adcy1"	"ADCY1"	-0.40846037144347	9.23727500638303	310.483629826652	1.46502528355357e-06	0.000737954164258556
"Aff3"	"AFF3"	-0.408156202556198	7.65355437566496	382.161880820978	5.66566760207601e-06	0.00146149818989579
"Sphkap"	"SPHKAP"	0.405666986143169	7.3149986155422	52.0299328443713	0.000299697525806174	0.0281795593598018
"Clstn2"	"CLSTN2"	-0.405186833712673	7.20236496983075	74.8227731479527	0.000113672704386607	0.0127241255767358
"Hdac5"	"HDAC5"	-0.404723268932263	7.0718478870872	202.158521629712	0.000282286702851202	0.0269011598446848
"Tiam2"	"TIAM2"	-0.401996716536657	8.44875032076981	75.536017404701	0.000102722044078861	0.011827883342051
"Pcdh17"	"PCDH17"	0.400300047497716	7.06205710712485	152.681260886233	0.000514702134401195	0.0432104696642527
"Slc6a15"	"SLC6A15"	0.397733691779485	7.44767618534124	85.9506176327392	7.04054655643473e-05	0.00856033350275478
"Itpr1"	"ITPR1"	0.397248752205294	8.42548429398749	198.922649597276	5.70786539858006e-06	0.00146149818989579
"Sez6"	"SEZ6"	0.393980356725488	8.70658622516441	139.712728096284	1.66082019921969e-05	0.00316543352564792
"Igfbpl1"	"IGFBPL1"	-0.393269350453501	8.71642884192065	62.2666666630724	0.000179621274184689	0.0187657663044508
"Prex1"	"PREX1"	-0.393214798502764	6.96932214042476	96.7706601054523	0.000598419544284698	0.0482291957290936
"Sall2"	"SALL2"	0.391003540586567	7.08018690944662	177.961320582661	0.000541355046092708	0.0449133621770092
"Neurod6"	"NEUROD6"	-0.384313076319967	9.38510853719723	88.4409206088226	6.47371078799425e-05	0.00822569522106945
"Nfia"	"NFIA"	-0.383699216248275	7.34990448482796	157.439879952629	0.000124670625697644	0.0138453110617289
"Bai1"	"BAI1"	-0.383119231885129	7.16626356023632	104.512500266496	0.000374877566697941	0.0330454575044235
"Kctd12"	NA	-0.376591852524761	8.47954908514635	110.480243166988	3.35143811034727e-05	0.00513790033786282
"Cntn2"	"CNTN2"	-0.370212227237691	9.39739594084369	157.437235499879	1.15908573848562e-05	0.00230249933177482
"Atp2b1"	"ATP2B1"	0.363181732068039	8.90974191663284	114.075990783498	3.04658148785332e-05	0.0048279758769307
"Rab6b"	"RAB6B"	0.357083033149228	7.93907546358641	252.989062808487	1.97718718963441e-05	0.00362159066527321
"Atp8a1"	"ATP8A1"	-0.352437269498496	8.23509789754846	116.982619088055	2.82639624309905e-05	0.00452994234234876
"Zeb2"	"ZEB2"	-0.339690387887301	9.7092784871104	187.09682930919	6.87534632422534e-06	0.00158967023863728
"Fam171b"	"FAM171B"	-0.336343547841125	7.50558155051804	128.478601496354	0.000389195927287796	0.0340945301768141
"Cbx5"	"CBX5"	0.335875327274049	8.93754617575363	187.606771795214	6.81880517891793e-06	0.00158967023863728
"Carhsp1"	"CARHSP1"	-0.332923101654895	7.84024960510015	98.5056975718385	7.82533801054952e-05	0.00943321088040944
"Pak1"	NA	0.325974223294697	7.99086050181802	184.455619388855	6.0087004460943e-05	0.00799497274450132
"Ddah2"	"DDAH2"	-0.322594782539185	7.49626365188579	71.2808074608567	0.000630196284139075	0.0499342044466152
"Nmnat2"	"NMNAT2"	-0.313988939305523	7.97752991958684	84.7551826692794	9.98735073811369e-05	0.0116414541165583
"Cadm1"	"CADM1"	0.313477170767337	8.25978036679692	334.230151694583	2.66094230095521e-05	0.00436394537356655
"Tmem132a"	"TMEM132A"	-0.304630678802445	8.84637420106921	89.4124830023522	6.26892703316989e-05	0.00811164650236955
"Lrrn3"	"LRRN3"	0.282732079267306	7.99894700490692	187.539961544161	0.000500589043228834	0.0422772926089789
"Rab3c"	"RAB3C"	0.281418642378684	8.32731175801404	64.330977387577	0.000163541501191361	0.0173427769383681
"Setbp1"	"SETBP1"	-0.272806181740278	7.99821418506628	58.3209859529603	0.000593030691528764	0.0480695682374809
"Slc8a1"	"SLC8A1"	-0.269335762692557	9.05713741170225	54.1070624818563	0.00026824066343105	0.0257365055580376
"Gpm6a"	"GPM6A"	-0.250494582853319	10.3925219516777	128.327704578911	2.14323723649028e-05	0.00387541256198192
"Neo1"	"NEO1"	0.248210858262263	9.22635737970156	96.9099659457005	4.94359766358233e-05	0.00705327239951787
"Copa"	"COPA"	0.247773882776235	8.81715243703443	42.218915348743	0.000537817139490371	0.0448838635229124
"Zbtb18"	NA	-0.246944322528688	10.1253798733834	111.382946785128	3.2712493802072e-05	0.00507349305257823
"Nrp1"	"NRP1"	0.213373287793094	9.20776620900459	60.9520297270413	0.000190962978560474	0.0198039841883597
"Hecw1"	"HECW1"	-0.205771859838284	8.83039636060955	73.0439921504863	0.000625454909488482	0.0498385087199183
"Mturn"	NA	-0.189863261488692	9.39349741120541	62.8328000586326	0.000175010986225406	0.0184205593262919
"Tmsb4x"	"TMSB4X"	0.155146715975624	10.4733614871618	48.5816583493555	0.000363595085226415	0.03266334447155
